,original_shape_MajorAxisLength.4,Age,original_shape_LeastAxisLength.5,original_shape_LeastAxisLength.2,original_shape_SurfaceArea.1,original_shape_SurfaceArea.4,original_glszm_ZoneEntropy.1,original_glcm_Correlation.2,original_glszm_GrayLevelNonUniformity.5,original_glcm_ClusterShade,original_shape_MinorAxisLength.5,original_shape_MinorAxisLength.2,original_shape_Maximum2DDiameterRow,original_shape_Maximum2DDiameterRow.3,original_glszm_GrayLevelNonUniformity.3,original_glrlm_RunLengthNonUniformity.3,original_shape_Maximum2DDiameterSlice.3,original_shape_Maximum2DDiameterSlice,original_shape_MeshVolume.3,original_shape_MeshVolume,original_glrlm_GrayLevelNonUniformity,original_shape_VoxelVolume,original_shape_VoxelVolume.3,original_shape_MajorAxisLength.2,original_shape_MajorAxisLength.5,original_shape_Maximum3DDiameter,original_shape_Maximum3DDiameter.3,original_shape_Maximum3DDiameter.2,original_shape_Maximum3DDiameter.5,original_shape_Maximum2DDiameterColumn.3,original_shape_Maximum2DDiameterColumn,original_shape_Maximum2DDiameterSlice.2,original_shape_Maximum2DDiameterSlice.5,original_shape_Maximum2DDiameterRow.2,original_shape_Maximum2DDiameterRow.5,original_shape_MajorAxisLength.3,original_shape_MajorAxisLength,original_shape_SurfaceArea.5,original_shape_SurfaceArea.2,original_shape_MinorAxisLength.4,original_shape_MinorAxisLength.1,original_shape_SurfaceArea,original_shape_SurfaceArea.3,original_glcm_Idn.2,original_glcm_Idmn.2,original_shape_MinorAxisLength,original_shape_MinorAxisLength.3,original_shape_LeastAxisLength.3,original_shape_LeastAxisLength,Survival
original_shape_MajorAxisLength.4,1.0,-0.03262921997128046,0.5528740610697547,0.5528740610697547,0.7301912321549475,0.7301912321549475,0.28524865054206366,0.2803439093840676,0.48459910597454287,0.1285911742916208,0.6006614539131141,0.6006614539131141,0.5473994098880194,0.5473994098880194,0.4043014289237455,0.3554708733400879,0.5645988769933065,0.5645988769933065,0.37969851423630024,0.37969851423630024,0.41260473830379923,0.3846487605313797,0.3846487605313797,0.6038083479495278,0.6038083479495278,0.6114808664568119,0.6114808664568119,0.6745771931554769,0.6745771931554769,0.5373831824345664,0.5373831824345664,0.597726703006782,0.597726703006782,0.6119515047886057,0.6119515047886057,0.5822442013963146,0.5822442013963146,0.5741950655710967,0.5741950655710967,0.7367316994146905,0.7367316994146905,0.47406416550619207,0.47406416550619207,0.43437375549425383,0.45503103023118546,0.5346248346079906,0.5346248346079906,0.4673834045280708,0.4673834045280708,-0.20094469185994548
Age,-0.03262921997128046,1.0,-0.051916893503591056,-0.051916893503591056,-0.06009978065782538,-0.06009978065782538,-0.06432420468468289,-0.1279244037988438,0.16565957846164497,0.10059326766197248,-0.0188348163626821,-0.0188348163626821,-0.09252613722157457,-0.09252613722157457,-0.036580700473192486,-0.21045875728826746,-0.08139825678174299,-0.08139825678174299,-0.2128844744744312,-0.2128844744744312,-0.16140266235724646,-0.21285530010017392,-0.21285530010017392,-0.044502288917398866,-0.044502288917398866,-0.08955332361463227,-0.08955332361463227,-0.059915716356885175,-0.059915716356885175,-0.11788825122408389,-0.11788825122408389,-0.039484098752075675,-0.039484098752075675,-0.03376966533906869,-0.03376966533906869,-0.1259743880969878,-0.1259743880969878,0.028368056797497012,0.028368056797497012,-0.06269387727959234,-0.06269387727959234,-0.12616325862153632,-0.12616325862153632,-0.08509040184615504,-0.02078638260182188,-0.15418288191198914,-0.15418288191198914,-0.14841513569608103,-0.14841513569608103,-0.20245951182047742
original_shape_LeastAxisLength.5,0.5528740610697547,-0.051916893503591056,1.0,1.0,0.531370323019794,0.531370323019794,0.3189785960251313,0.4419253888943933,0.7278930076445745,0.06305348825231821,0.9202583963988932,0.9202583963988932,0.7323457155568154,0.7323457155568154,0.6295380844291657,0.5600597864016831,0.725788732886808,0.725788732886808,0.6359178665642676,0.6359178665642676,0.5905365841957554,0.6417661498129408,0.6417661498129408,0.5617955910534191,0.5617955910534191,0.6310964516423117,0.6310964516423117,0.6509276629669775,0.6509276629669775,0.7382599406872982,0.7382599406872982,0.750784803305993,0.750784803305993,0.7518856906302455,0.7518856906302455,0.4572136741170065,0.4572136741170065,0.856988907480763,0.856988907480763,0.6819294320116003,0.6819294320116003,0.6472546844028508,0.6472546844028508,0.5632768701344582,0.5644408991464976,0.7339977630705011,0.7339977630705011,0.8194015396535395,0.8194015396535395,-0.20592347725039525
original_shape_LeastAxisLength.2,0.5528740610697547,-0.051916893503591056,1.0,1.0,0.531370323019794,0.531370323019794,0.3189785960251313,0.4419253888943933,0.7278930076445745,0.06305348825231821,0.9202583963988932,0.9202583963988932,0.7323457155568154,0.7323457155568154,0.6295380844291657,0.5600597864016831,0.725788732886808,0.725788732886808,0.6359178665642676,0.6359178665642676,0.5905365841957554,0.6417661498129408,0.6417661498129408,0.5617955910534191,0.5617955910534191,0.6310964516423117,0.6310964516423117,0.6509276629669775,0.6509276629669775,0.7382599406872982,0.7382599406872982,0.750784803305993,0.750784803305993,0.7518856906302455,0.7518856906302455,0.4572136741170065,0.4572136741170065,0.856988907480763,0.856988907480763,0.6819294320116003,0.6819294320116003,0.6472546844028508,0.6472546844028508,0.5632768701344582,0.5644408991464976,0.7339977630705011,0.7339977630705011,0.8194015396535395,0.8194015396535395,-0.20592347725039525
original_shape_SurfaceArea.1,0.7301912321549475,-0.06009978065782538,0.531370323019794,0.531370323019794,1.0,1.0,0.32570359022689743,0.30658580111905864,0.41048357676582825,0.09741499616443564,0.5615212455012255,0.5615212455012255,0.5690201550494922,0.5690201550494922,0.38206240387480794,0.36551819180067036,0.5696103986736374,0.5696103986736374,0.4009319221591837,0.4009319221591837,0.4442963238308849,0.40683572965364045,0.40683572965364045,0.461459131538846,0.461459131538846,0.5590859545432538,0.5590859545432538,0.5387244977612232,0.5387244977612232,0.5463382960157085,0.5463382960157085,0.5582842407159891,0.5582842407159891,0.5620018264230605,0.5620018264230605,0.4673428791589616,0.4673428791589616,0.5315759593341797,0.5315759593341797,0.8511505695905001,0.8511505695905001,0.4938321295223496,0.4938321295223496,0.4427022517150509,0.43829177386192786,0.5784808568869666,0.5784808568869666,0.5129950086506326,0.5129950086506326,-0.2062462778954811
original_shape_SurfaceArea.4,0.7301912321549475,-0.06009978065782538,0.531370323019794,0.531370323019794,1.0,1.0,0.32570359022689743,0.30658580111905864,0.41048357676582825,0.09741499616443564,0.5615212455012255,0.5615212455012255,0.5690201550494922,0.5690201550494922,0.38206240387480794,0.36551819180067036,0.5696103986736374,0.5696103986736374,0.4009319221591837,0.4009319221591837,0.4442963238308849,0.40683572965364045,0.40683572965364045,0.461459131538846,0.461459131538846,0.5590859545432538,0.5590859545432538,0.5387244977612232,0.5387244977612232,0.5463382960157085,0.5463382960157085,0.5582842407159891,0.5582842407159891,0.5620018264230605,0.5620018264230605,0.4673428791589616,0.4673428791589616,0.5315759593341797,0.5315759593341797,0.8511505695905001,0.8511505695905001,0.4938321295223496,0.4938321295223496,0.4427022517150509,0.43829177386192786,0.5784808568869666,0.5784808568869666,0.5129950086506326,0.5129950086506326,-0.2062462778954811
original_glszm_ZoneEntropy.1,0.28524865054206366,-0.06432420468468289,0.3189785960251313,0.3189785960251313,0.32570359022689743,0.32570359022689743,1.0,0.42659583541074864,0.2794108680870643,0.04762619002842587,0.35272730764310106,0.35272730764310106,0.30843135951260037,0.30843135951260037,0.27215118883325284,0.37444961702413143,0.32459420891771035,0.32459420891771035,0.2851891499996257,0.2851891499996257,0.1454945605706392,0.2873817724043175,0.2873817724043175,0.29107326863072625,0.29107326863072625,0.3268940054457542,0.3268940054457542,0.333645770209096,0.333645770209096,0.359554658243781,0.359554658243781,0.32270698133912223,0.32270698133912223,0.344192984011776,0.344192984011776,0.2546482167327348,0.2546482167327348,0.29889890356959076,0.29889890356959076,0.36361928178533215,0.36361928178533215,0.2894752639152392,0.2894752639152392,0.21483772237694085,0.35773903938027135,0.36442817022876917,0.36442817022876917,0.33947711314783524,0.33947711314783524,-0.20635912586740496
original_glcm_Correlation.2,0.2803439093840676,-0.1279244037988438,0.4419253888943933,0.4419253888943933,0.30658580111905864,0.30658580111905864,0.42659583541074864,1.0,0.23321803347867498,0.06831010686564436,0.42797888527533634,0.42797888527533634,0.3948695261580298,0.3948695261580298,0.2023535616199115,0.26576875394711763,0.41141960046304704,0.41141960046304704,0.26772676405835283,0.26772676405835283,0.20663830683327264,0.2720241746129412,0.2720241746129412,0.3669061039126579,0.3669061039126579,0.3945879527151272,0.3945879527151272,0.40717933029627834,0.40717933029627834,0.4457065770299182,0.4457065770299182,0.413361089587862,0.413361089587862,0.40503431502481946,0.40503431502481946,0.3384102113673807,0.3384102113673807,0.3307509934409557,0.3307509934409557,0.334010768084159,0.334010768084159,0.3015465390339485,0.3015465390339485,0.578488758841455,0.6319936534940674,0.45140591832638866,0.45140591832638866,0.44915618363323223,0.44915618363323223,-0.206738058123864
original_glszm_GrayLevelNonUniformity.5,0.48459910597454287,0.16565957846164497,0.7278930076445745,0.7278930076445745,0.41048357676582825,0.41048357676582825,0.2794108680870643,0.23321803347867498,1.0,0.03633484617674363,0.7705957368837566,0.7705957368837566,0.6234377160511236,0.6234377160511236,0.7389648006356542,0.5170649273053359,0.5991408583708377,0.5991408583708377,0.4675016165895481,0.4675016165895481,0.484186928372255,0.4752580748857654,0.4752580748857654,0.5244322377066271,0.5244322377066271,0.5426470819942224,0.5426470819942224,0.5945958358882655,0.5945958358882655,0.6062394770640133,0.6062394770640133,0.657783266777912,0.657783266777912,0.6739988693928344,0.6739988693928344,0.4139004124084952,0.4139004124084952,0.8061048642641625,0.8061048642641625,0.5653629319728835,0.5653629319728835,0.5764786803592766,0.5764786803592766,0.36003574252570053,0.4015918465439026,0.5958456779430573,0.5958456779430573,0.5950054710180164,0.5950054710180164,-0.20872967321343783
original_glcm_ClusterShade,0.1285911742916208,0.10059326766197248,0.06305348825231821,0.06305348825231821,0.09741499616443564,0.09741499616443564,0.04762619002842587,0.06831010686564436,0.03633484617674363,1.0,0.07785495551275416,0.07785495551275416,0.07088469223280011,0.07088469223280011,0.046991829277206,0.07761012757413209,0.09619848913393798,0.09619848913393798,0.03783223186602255,0.03783223186602255,0.04139278958632468,0.03848537732630222,0.03848537732630222,0.03682068128919237,0.03682068128919237,0.07571601692695608,0.07571601692695608,0.08775215247494883,0.08775215247494883,0.05909140402448684,0.05909140402448684,0.10060420689124504,0.10060420689124504,0.07227918486054453,0.07227918486054453,0.04241693967926628,0.04241693967926628,0.055093169514203115,0.055093169514203115,0.1277042211920389,0.1277042211920389,0.05082602524662628,0.05082602524662628,0.13940942418339958,0.16079573410731124,0.08917838195365442,0.08917838195365442,0.06740468767509517,0.06740468767509517,-0.21301689284355274
original_shape_MinorAxisLength.5,0.6006614539131141,-0.0188348163626821,0.9202583963988932,0.9202583963988932,0.5615212455012255,0.5615212455012255,0.35272730764310106,0.42797888527533634,0.7705957368837566,0.07785495551275416,1.0,1.0,0.8095255090950456,0.8095255090950456,0.6851485529507126,0.5931087620789567,0.8045908756178415,0.8045908756178415,0.6650247830460865,0.6650247830460865,0.6189145328097939,0.6712347925748343,0.6712347925748343,0.6764035077295523,0.6764035077295523,0.7364315570199635,0.7364315570199635,0.7621423255941042,0.7621423255941042,0.8006742394014802,0.8006742394014802,0.8340889944577705,0.8340889944577705,0.8381401201339929,0.8381401201339929,0.5775595895187797,0.5775595895187797,0.9073043163882382,0.9073043163882382,0.7153627618057838,0.7153627618057838,0.7108210534399687,0.7108210534399687,0.5636068875646728,0.5815761224766831,0.8153875813651152,0.8153875813651152,0.791921517140655,0.791921517140655,-0.21917312499053637
original_shape_MinorAxisLength.2,0.6006614539131141,-0.0188348163626821,0.9202583963988932,0.9202583963988932,0.5615212455012255,0.5615212455012255,0.35272730764310106,0.42797888527533634,0.7705957368837566,0.07785495551275416,1.0,1.0,0.8095255090950456,0.8095255090950456,0.6851485529507126,0.5931087620789567,0.8045908756178415,0.8045908756178415,0.6650247830460865,0.6650247830460865,0.6189145328097939,0.6712347925748343,0.6712347925748343,0.6764035077295523,0.6764035077295523,0.7364315570199635,0.7364315570199635,0.7621423255941042,0.7621423255941042,0.8006742394014802,0.8006742394014802,0.8340889944577705,0.8340889944577705,0.8381401201339929,0.8381401201339929,0.5775595895187797,0.5775595895187797,0.9073043163882382,0.9073043163882382,0.7153627618057838,0.7153627618057838,0.7108210534399687,0.7108210534399687,0.5636068875646728,0.5815761224766831,0.8153875813651152,0.8153875813651152,0.791921517140655,0.791921517140655,-0.21917312499053637
original_shape_Maximum2DDiameterRow,0.5473994098880194,-0.09252613722157457,0.7323457155568154,0.7323457155568154,0.5690201550494922,0.5690201550494922,0.30843135951260037,0.3948695261580298,0.6234377160511236,0.07088469223280011,0.8095255090950456,0.8095255090950456,1.0,1.0,0.6624896069523479,0.5874253422948019,0.8945889308385883,0.8945889308385883,0.645323567529178,0.645323567529178,0.6482198251316221,0.6540159470590523,0.6540159470590523,0.6892423979095532,0.6892423979095532,0.8606555344717908,0.8606555344717908,0.7491993595760921,0.7491993595760921,0.7720382645897524,0.7720382645897524,0.8151905468885082,0.8151905468885082,0.8588502327534213,0.8588502327534213,0.6971195994165684,0.6971195994165684,0.8045564028980844,0.8045564028980844,0.6462310505281609,0.6462310505281609,0.7700113797404398,0.7700113797404398,0.5449532828209291,0.5340763604307619,0.8539188200089746,0.8539188200089746,0.7971096065781081,0.7971096065781081,-0.22415738491057616
original_shape_Maximum2DDiameterRow.3,0.5473994098880194,-0.09252613722157457,0.7323457155568154,0.7323457155568154,0.5690201550494922,0.5690201550494922,0.30843135951260037,0.3948695261580298,0.6234377160511236,0.07088469223280011,0.8095255090950456,0.8095255090950456,1.0,1.0,0.6624896069523479,0.5874253422948019,0.8945889308385883,0.8945889308385883,0.645323567529178,0.645323567529178,0.6482198251316221,0.6540159470590523,0.6540159470590523,0.6892423979095532,0.6892423979095532,0.8606555344717908,0.8606555344717908,0.7491993595760921,0.7491993595760921,0.7720382645897524,0.7720382645897524,0.8151905468885082,0.8151905468885082,0.8588502327534213,0.8588502327534213,0.6971195994165684,0.6971195994165684,0.8045564028980844,0.8045564028980844,0.6462310505281609,0.6462310505281609,0.7700113797404398,0.7700113797404398,0.5449532828209291,0.5340763604307619,0.8539188200089746,0.8539188200089746,0.7971096065781081,0.7971096065781081,-0.22415738491057616
original_glszm_GrayLevelNonUniformity.3,0.4043014289237455,-0.036580700473192486,0.6295380844291657,0.6295380844291657,0.38206240387480794,0.38206240387480794,0.27215118883325284,0.2023535616199115,0.7389648006356542,0.046991829277206,0.6851485529507126,0.6851485529507126,0.6624896069523479,0.6624896069523479,1.0,0.8438906696598865,0.6212365210584364,0.6212365210584364,0.7582020340097055,0.7582020340097055,0.7872578535202637,0.7646995437540953,0.7646995437540953,0.4962547825187643,0.4962547825187643,0.5947835739622191,0.5947835739622191,0.5184693458681295,0.5184693458681295,0.6862676025017164,0.6862676025017164,0.555532401690542,0.555532401690542,0.5760008773711924,0.5760008773711924,0.4771219420964405,0.4771219420964405,0.7753826499546251,0.7753826499546251,0.5163706407825458,0.5163706407825458,0.8507315742190572,0.8507315742190572,0.29443418484903755,0.33619790389711585,0.7302838925468561,0.7302838925468561,0.7405113914845327,0.7405113914845327,-0.22523158523498496
original_glrlm_RunLengthNonUniformity.3,0.3554708733400879,-0.21045875728826746,0.5600597864016831,0.5600597864016831,0.36551819180067036,0.36551819180067036,0.37444961702413143,0.26576875394711763,0.5170649273053359,0.07761012757413209,0.5931087620789567,0.5931087620789567,0.5874253422948019,0.5874253422948019,0.8438906696598865,1.0,0.5701107559878197,0.5701107559878197,0.8750525773504183,0.8750525773504183,0.8045573952294957,0.8754599650506744,0.8754599650506744,0.3919106138222938,0.3919106138222938,0.5193460784066911,0.5193460784066911,0.42637796098686953,0.42637796098686953,0.6238533314274526,0.6238533314274526,0.49104698782404493,0.49104698782404493,0.4870547913198426,0.4870547913198426,0.39703191934654536,0.39703191934654536,0.6218980970103117,0.6218980970103117,0.4688691736659005,0.4688691736659005,0.7799630902682829,0.7799630902682829,0.2736774224504437,0.3052319179489499,0.7052975510554461,0.7052975510554461,0.7205076786792864,0.7205076786792864,-0.2258409339466919
original_shape_Maximum2DDiameterSlice.3,0.5645988769933065,-0.08139825678174299,0.725788732886808,0.725788732886808,0.5696103986736374,0.5696103986736374,0.32459420891771035,0.41141960046304704,0.5991408583708377,0.09619848913393798,0.8045908756178415,0.8045908756178415,0.8945889308385883,0.8945889308385883,0.6212365210584364,0.5701107559878197,1.0,1.0,0.6208494886887013,0.6208494886887013,0.617376725653068,0.6285837652147827,0.6285837652147827,0.713185593743173,0.713185593743173,0.8943758358184867,0.8943758358184867,0.7875121047737424,0.7875121047737424,0.7827778093904908,0.7827778093904908,0.9175394238537721,0.9175394238537721,0.7801550727212946,0.7801550727212946,0.7304598255947092,0.7304598255947092,0.799522831090357,0.799522831090357,0.6450820584700443,0.6450820584700443,0.7427036597150753,0.7427036597150753,0.5370101905539016,0.531213766421794,0.8397949391750602,0.8397949391750602,0.7859962364176585,0.7859962364176585,-0.22840549062291782
original_shape_Maximum2DDiameterSlice,0.5645988769933065,-0.08139825678174299,0.725788732886808,0.725788732886808,0.5696103986736374,0.5696103986736374,0.32459420891771035,0.41141960046304704,0.5991408583708377,0.09619848913393798,0.8045908756178415,0.8045908756178415,0.8945889308385883,0.8945889308385883,0.6212365210584364,0.5701107559878197,1.0,1.0,0.6208494886887013,0.6208494886887013,0.617376725653068,0.6285837652147827,0.6285837652147827,0.713185593743173,0.713185593743173,0.8943758358184867,0.8943758358184867,0.7875121047737424,0.7875121047737424,0.7827778093904908,0.7827778093904908,0.9175394238537721,0.9175394238537721,0.7801550727212946,0.7801550727212946,0.7304598255947092,0.7304598255947092,0.799522831090357,0.799522831090357,0.6450820584700443,0.6450820584700443,0.7427036597150753,0.7427036597150753,0.5370101905539016,0.531213766421794,0.8397949391750602,0.8397949391750602,0.7859962364176585,0.7859962364176585,-0.22840549062291782
original_shape_MeshVolume.3,0.37969851423630024,-0.2128844744744312,0.6359178665642676,0.6359178665642676,0.4009319221591837,0.4009319221591837,0.2851891499996257,0.26772676405835283,0.4675016165895481,0.03783223186602255,0.6650247830460865,0.6650247830460865,0.645323567529178,0.645323567529178,0.7582020340097055,0.8750525773504183,0.6208494886887013,0.6208494886887013,1.0,1.0,0.9009528245123138,0.9997580429905775,0.9997580429905775,0.4461602503753531,0.4461602503753531,0.5672365463499633,0.5672365463499633,0.4773262022284457,0.4773262022284457,0.6653007615713697,0.6653007615713697,0.5439141883400677,0.5439141883400677,0.5504150936251634,0.5504150936251634,0.44380912732014605,0.44380912732014605,0.6915506838058225,0.6915506838058225,0.5084657127372469,0.5084657127372469,0.834415176816601,0.834415176816601,0.32128662988974516,0.3043882471346081,0.7584399973858728,0.7584399973858728,0.7825953306731385,0.7825953306731385,-0.229067022937952
original_shape_MeshVolume,0.37969851423630024,-0.2128844744744312,0.6359178665642676,0.6359178665642676,0.4009319221591837,0.4009319221591837,0.2851891499996257,0.26772676405835283,0.4675016165895481,0.03783223186602255,0.6650247830460865,0.6650247830460865,0.645323567529178,0.645323567529178,0.7582020340097055,0.8750525773504183,0.6208494886887013,0.6208494886887013,1.0,1.0,0.9009528245123138,0.9997580429905775,0.9997580429905775,0.4461602503753531,0.4461602503753531,0.5672365463499633,0.5672365463499633,0.4773262022284457,0.4773262022284457,0.6653007615713697,0.6653007615713697,0.5439141883400677,0.5439141883400677,0.5504150936251634,0.5504150936251634,0.44380912732014605,0.44380912732014605,0.6915506838058225,0.6915506838058225,0.5084657127372469,0.5084657127372469,0.834415176816601,0.834415176816601,0.32128662988974516,0.3043882471346081,0.7584399973858728,0.7584399973858728,0.7825953306731385,0.7825953306731385,-0.229067022937952
original_glrlm_GrayLevelNonUniformity,0.41260473830379923,-0.16140266235724646,0.5905365841957554,0.5905365841957554,0.4442963238308849,0.4442963238308849,0.1454945605706392,0.20663830683327264,0.484186928372255,0.04139278958632468,0.6189145328097939,0.6189145328097939,0.6482198251316221,0.6482198251316221,0.7872578535202637,0.8045573952294957,0.617376725653068,0.617376725653068,0.9009528245123138,0.9009528245123138,1.0,0.9025672868702371,0.9025672868702371,0.4534995369737665,0.4534995369737665,0.5777471431256681,0.5777471431256681,0.48493790759671984,0.48493790759671984,0.6492903837791657,0.6492903837791657,0.53940662679766,0.53940662679766,0.5385379984318166,0.5385379984318166,0.4792289574257475,0.4792289574257475,0.702623775245731,0.702623775245731,0.50084571362413,0.50084571362413,0.8811580708765209,0.8811580708765209,0.35007702383123573,0.3134245195853972,0.7362325756719262,0.7362325756719262,0.7458303699543141,0.7458303699543141,-0.23181294751390416
original_shape_VoxelVolume,0.3846487605313797,-0.21285530010017392,0.6417661498129408,0.6417661498129408,0.40683572965364045,0.40683572965364045,0.2873817724043175,0.2720241746129412,0.4752580748857654,0.03848537732630222,0.6712347925748343,0.6712347925748343,0.6540159470590523,0.6540159470590523,0.7646995437540953,0.8754599650506744,0.6285837652147827,0.6285837652147827,0.9997580429905775,0.9997580429905775,0.9025672868702371,1.0,1.0,0.45305848465419324,0.45305848465419324,0.5753354772530408,0.5753354772530408,0.48427585970716414,0.48427585970716414,0.6735136945769133,0.6735136945769133,0.5504642939630677,0.5504642939630677,0.5574875407283942,0.5574875407283942,0.45129526049371005,0.45129526049371005,0.699699752916176,0.699699752916176,0.5148402340588695,0.5148402340588695,0.8426288639616307,0.8426288639616307,0.3269219494132978,0.3100380902827733,0.7661256426975149,0.7661256426975149,0.7898885369688681,0.7898885369688681,-0.23203192157398106
original_shape_VoxelVolume.3,0.3846487605313797,-0.21285530010017392,0.6417661498129408,0.6417661498129408,0.40683572965364045,0.40683572965364045,0.2873817724043175,0.2720241746129412,0.4752580748857654,0.03848537732630222,0.6712347925748343,0.6712347925748343,0.6540159470590523,0.6540159470590523,0.7646995437540953,0.8754599650506744,0.6285837652147827,0.6285837652147827,0.9997580429905775,0.9997580429905775,0.9025672868702371,1.0,1.0,0.45305848465419324,0.45305848465419324,0.5753354772530408,0.5753354772530408,0.48427585970716414,0.48427585970716414,0.6735136945769133,0.6735136945769133,0.5504642939630677,0.5504642939630677,0.5574875407283942,0.5574875407283942,0.45129526049371005,0.45129526049371005,0.699699752916176,0.699699752916176,0.5148402340588695,0.5148402340588695,0.8426288639616307,0.8426288639616307,0.3269219494132978,0.3100380902827733,0.7661256426975149,0.7661256426975149,0.7898885369688681,0.7898885369688681,-0.23203192157398106
original_shape_MajorAxisLength.2,0.6038083479495278,-0.044502288917398866,0.5617955910534191,0.5617955910534191,0.461459131538846,0.461459131538846,0.29107326863072625,0.3669061039126579,0.5244322377066271,0.03682068128919237,0.6764035077295523,0.6764035077295523,0.6892423979095532,0.6892423979095532,0.4962547825187643,0.3919106138222938,0.713185593743173,0.713185593743173,0.4461602503753531,0.4461602503753531,0.4534995369737665,0.45305848465419324,0.45305848465419324,1.0,1.0,0.8735858367788304,0.8735858367788304,0.8954251713998272,0.8954251713998272,0.639399117926196,0.639399117926196,0.7395322666493417,0.7395322666493417,0.7165425607875955,0.7165425607875955,0.8754555666279621,0.8754555666279621,0.6754109981893395,0.6754109981893395,0.5515153027216548,0.5515153027216548,0.5653196143544171,0.5653196143544171,0.4320967413289652,0.4632122540567877,0.6115729567375304,0.6115729567375304,0.5347738408042677,0.5347738408042677,-0.23409219788897243
original_shape_MajorAxisLength.5,0.6038083479495278,-0.044502288917398866,0.5617955910534191,0.5617955910534191,0.461459131538846,0.461459131538846,0.29107326863072625,0.3669061039126579,0.5244322377066271,0.03682068128919237,0.6764035077295523,0.6764035077295523,0.6892423979095532,0.6892423979095532,0.4962547825187643,0.3919106138222938,0.713185593743173,0.713185593743173,0.4461602503753531,0.4461602503753531,0.4534995369737665,0.45305848465419324,0.45305848465419324,1.0,1.0,0.8735858367788304,0.8735858367788304,0.8954251713998272,0.8954251713998272,0.639399117926196,0.639399117926196,0.7395322666493417,0.7395322666493417,0.7165425607875955,0.7165425607875955,0.8754555666279621,0.8754555666279621,0.6754109981893395,0.6754109981893395,0.5515153027216548,0.5515153027216548,0.5653196143544171,0.5653196143544171,0.4320967413289652,0.4632122540567877,0.6115729567375304,0.6115729567375304,0.5347738408042677,0.5347738408042677,-0.23409219788897243
original_shape_Maximum3DDiameter,0.6114808664568119,-0.08955332361463227,0.6310964516423117,0.6310964516423117,0.5590859545432538,0.5590859545432538,0.3268940054457542,0.3945879527151272,0.5426470819942224,0.07571601692695608,0.7364315570199635,0.7364315570199635,0.8606555344717908,0.8606555344717908,0.5947835739622191,0.5193460784066911,0.8943758358184867,0.8943758358184867,0.5672365463499633,0.5672365463499633,0.5777471431256681,0.5753354772530408,0.5753354772530408,0.8735858367788304,0.8735858367788304,1.0,1.0,0.8800347529420829,0.8800347529420829,0.8047574426539942,0.8047574426539942,0.8109719752655691,0.8109719752655691,0.7444998398433549,0.7444998398433549,0.8862174782932883,0.8862174782932883,0.7376430475669306,0.7376430475669306,0.6407528009063321,0.6407528009063321,0.7078945446532956,0.7078945446532956,0.4993882474014337,0.5117775146899903,0.7734783870490672,0.7734783870490672,0.7045068929550256,0.7045068929550256,-0.23444516172797056
original_shape_Maximum3DDiameter.3,0.6114808664568119,-0.08955332361463227,0.6310964516423117,0.6310964516423117,0.5590859545432538,0.5590859545432538,0.3268940054457542,0.3945879527151272,0.5426470819942224,0.07571601692695608,0.7364315570199635,0.7364315570199635,0.8606555344717908,0.8606555344717908,0.5947835739622191,0.5193460784066911,0.8943758358184867,0.8943758358184867,0.5672365463499633,0.5672365463499633,0.5777471431256681,0.5753354772530408,0.5753354772530408,0.8735858367788304,0.8735858367788304,1.0,1.0,0.8800347529420829,0.8800347529420829,0.8047574426539942,0.8047574426539942,0.8109719752655691,0.8109719752655691,0.7444998398433549,0.7444998398433549,0.8862174782932883,0.8862174782932883,0.7376430475669306,0.7376430475669306,0.6407528009063321,0.6407528009063321,0.7078945446532956,0.7078945446532956,0.4993882474014337,0.5117775146899903,0.7734783870490672,0.7734783870490672,0.7045068929550256,0.7045068929550256,-0.23444516172797056
original_shape_Maximum3DDiameter.2,0.6745771931554769,-0.059915716356885175,0.6509276629669775,0.6509276629669775,0.5387244977612232,0.5387244977612232,0.333645770209096,0.40717933029627834,0.5945958358882655,0.08775215247494883,0.7621423255941042,0.7621423255941042,0.7491993595760921,0.7491993595760921,0.5184693458681295,0.42637796098686953,0.7875121047737424,0.7875121047737424,0.4773262022284457,0.4773262022284457,0.48493790759671984,0.48427585970716414,0.48427585970716414,0.8954251713998272,0.8954251713998272,0.8800347529420829,0.8800347529420829,1.0,1.0,0.7204116372892527,0.7204116372892527,0.8640043006439841,0.8640043006439841,0.8588545269110321,0.8588545269110321,0.8041023878626442,0.8041023878626442,0.7305019563436136,0.7305019563436136,0.6624263658344369,0.6624263658344369,0.5932234104182166,0.5932234104182166,0.5173147423999129,0.5465495153596799,0.6749266684951349,0.6749266684951349,0.5944256208375536,0.5944256208375536,-0.23975898403249746
original_shape_Maximum3DDiameter.5,0.6745771931554769,-0.059915716356885175,0.6509276629669775,0.6509276629669775,0.5387244977612232,0.5387244977612232,0.333645770209096,0.40717933029627834,0.5945958358882655,0.08775215247494883,0.7621423255941042,0.7621423255941042,0.7491993595760921,0.7491993595760921,0.5184693458681295,0.42637796098686953,0.7875121047737424,0.7875121047737424,0.4773262022284457,0.4773262022284457,0.48493790759671984,0.48427585970716414,0.48427585970716414,0.8954251713998272,0.8954251713998272,0.8800347529420829,0.8800347529420829,1.0,1.0,0.7204116372892527,0.7204116372892527,0.8640043006439841,0.8640043006439841,0.8588545269110321,0.8588545269110321,0.8041023878626442,0.8041023878626442,0.7305019563436136,0.7305019563436136,0.6624263658344369,0.6624263658344369,0.5932234104182166,0.5932234104182166,0.5173147423999129,0.5465495153596799,0.6749266684951349,0.6749266684951349,0.5944256208375536,0.5944256208375536,-0.23975898403249746
original_shape_Maximum2DDiameterColumn.3,0.5373831824345664,-0.11788825122408389,0.7382599406872982,0.7382599406872982,0.5463382960157085,0.5463382960157085,0.359554658243781,0.4457065770299182,0.6062394770640133,0.05909140402448684,0.8006742394014802,0.8006742394014802,0.7720382645897524,0.7720382645897524,0.6862676025017164,0.6238533314274526,0.7827778093904908,0.7827778093904908,0.6653007615713697,0.6653007615713697,0.6492903837791657,0.6735136945769133,0.6735136945769133,0.639399117926196,0.639399117926196,0.8047574426539942,0.8047574426539942,0.7204116372892527,0.7204116372892527,1.0,1.0,0.714052139027258,0.714052139027258,0.6858521485535847,0.6858521485535847,0.6771390125882616,0.6771390125882616,0.7736808109343041,0.7736808109343041,0.6858371761239767,0.6858371761239767,0.7631665606154582,0.7631665606154582,0.513623076827994,0.530658029526691,0.8289427260213098,0.8289427260213098,0.8165902360939016,0.8165902360939016,-0.2402823624202323
original_shape_Maximum2DDiameterColumn,0.5373831824345664,-0.11788825122408389,0.7382599406872982,0.7382599406872982,0.5463382960157085,0.5463382960157085,0.359554658243781,0.4457065770299182,0.6062394770640133,0.05909140402448684,0.8006742394014802,0.8006742394014802,0.7720382645897524,0.7720382645897524,0.6862676025017164,0.6238533314274526,0.7827778093904908,0.7827778093904908,0.6653007615713697,0.6653007615713697,0.6492903837791657,0.6735136945769133,0.6735136945769133,0.639399117926196,0.639399117926196,0.8047574426539942,0.8047574426539942,0.7204116372892527,0.7204116372892527,1.0,1.0,0.714052139027258,0.714052139027258,0.6858521485535847,0.6858521485535847,0.6771390125882616,0.6771390125882616,0.7736808109343041,0.7736808109343041,0.6858371761239767,0.6858371761239767,0.7631665606154582,0.7631665606154582,0.513623076827994,0.530658029526691,0.8289427260213098,0.8289427260213098,0.8165902360939016,0.8165902360939016,-0.2402823624202323
original_shape_Maximum2DDiameterSlice.2,0.597726703006782,-0.039484098752075675,0.750784803305993,0.750784803305993,0.5582842407159891,0.5582842407159891,0.32270698133912223,0.413361089587862,0.657783266777912,0.10060420689124504,0.8340889944577705,0.8340889944577705,0.8151905468885082,0.8151905468885082,0.555532401690542,0.49104698782404493,0.9175394238537721,0.9175394238537721,0.5439141883400677,0.5439141883400677,0.53940662679766,0.5504642939630677,0.5504642939630677,0.7395322666493417,0.7395322666493417,0.8109719752655691,0.8109719752655691,0.8640043006439841,0.8640043006439841,0.714052139027258,0.714052139027258,1.0,1.0,0.8543415508136325,0.8543415508136325,0.6643703077464163,0.6643703077464163,0.8068205092193929,0.8068205092193929,0.6543286640743645,0.6543286640743645,0.6399861728409002,0.6399861728409002,0.5550204387657871,0.5672464598334018,0.7533414676677415,0.7533414676677415,0.6935753935038576,0.6935753935038576,-0.24160633607282958
original_shape_Maximum2DDiameterSlice.5,0.597726703006782,-0.039484098752075675,0.750784803305993,0.750784803305993,0.5582842407159891,0.5582842407159891,0.32270698133912223,0.413361089587862,0.657783266777912,0.10060420689124504,0.8340889944577705,0.8340889944577705,0.8151905468885082,0.8151905468885082,0.555532401690542,0.49104698782404493,0.9175394238537721,0.9175394238537721,0.5439141883400677,0.5439141883400677,0.53940662679766,0.5504642939630677,0.5504642939630677,0.7395322666493417,0.7395322666493417,0.8109719752655691,0.8109719752655691,0.8640043006439841,0.8640043006439841,0.714052139027258,0.714052139027258,1.0,1.0,0.8543415508136325,0.8543415508136325,0.6643703077464163,0.6643703077464163,0.8068205092193929,0.8068205092193929,0.6543286640743645,0.6543286640743645,0.6399861728409002,0.6399861728409002,0.5550204387657871,0.5672464598334018,0.7533414676677415,0.7533414676677415,0.6935753935038576,0.6935753935038576,-0.24160633607282958
original_shape_Maximum2DDiameterRow.2,0.6119515047886057,-0.03376966533906869,0.7518856906302455,0.7518856906302455,0.5620018264230605,0.5620018264230605,0.344192984011776,0.40503431502481946,0.6739988693928344,0.07227918486054453,0.8381401201339929,0.8381401201339929,0.8588502327534213,0.8588502327534213,0.5760008773711924,0.4870547913198426,0.7801550727212946,0.7801550727212946,0.5504150936251634,0.5504150936251634,0.5385379984318166,0.5574875407283942,0.5574875407283942,0.7165425607875955,0.7165425607875955,0.7444998398433549,0.7444998398433549,0.8588545269110321,0.8588545269110321,0.6858521485535847,0.6858521485535847,0.8543415508136325,0.8543415508136325,1.0,1.0,0.6025554489268122,0.6025554489268122,0.7979136757338932,0.7979136757338932,0.6770519903868298,0.6770519903868298,0.6409210547783936,0.6409210547783936,0.5558520862718118,0.5658027436331923,0.7312447898988316,0.7312447898988316,0.6635723935793447,0.6635723935793447,-0.24785304874363306
original_shape_Maximum2DDiameterRow.5,0.6119515047886057,-0.03376966533906869,0.7518856906302455,0.7518856906302455,0.5620018264230605,0.5620018264230605,0.344192984011776,0.40503431502481946,0.6739988693928344,0.07227918486054453,0.8381401201339929,0.8381401201339929,0.8588502327534213,0.8588502327534213,0.5760008773711924,0.4870547913198426,0.7801550727212946,0.7801550727212946,0.5504150936251634,0.5504150936251634,0.5385379984318166,0.5574875407283942,0.5574875407283942,0.7165425607875955,0.7165425607875955,0.7444998398433549,0.7444998398433549,0.8588545269110321,0.8588545269110321,0.6858521485535847,0.6858521485535847,0.8543415508136325,0.8543415508136325,1.0,1.0,0.6025554489268122,0.6025554489268122,0.7979136757338932,0.7979136757338932,0.6770519903868298,0.6770519903868298,0.6409210547783936,0.6409210547783936,0.5558520862718118,0.5658027436331923,0.7312447898988316,0.7312447898988316,0.6635723935793447,0.6635723935793447,-0.24785304874363306
original_shape_MajorAxisLength.3,0.5822442013963146,-0.1259743880969878,0.4572136741170065,0.4572136741170065,0.4673428791589616,0.4673428791589616,0.2546482167327348,0.3384102113673807,0.4139004124084952,0.04241693967926628,0.5775595895187797,0.5775595895187797,0.6971195994165684,0.6971195994165684,0.4771219420964405,0.39703191934654536,0.7304598255947092,0.7304598255947092,0.44380912732014605,0.44380912732014605,0.4792289574257475,0.45129526049371005,0.45129526049371005,0.8754555666279621,0.8754555666279621,0.8862174782932883,0.8862174782932883,0.8041023878626442,0.8041023878626442,0.6771390125882616,0.6771390125882616,0.6643703077464163,0.6643703077464163,0.6025554489268122,0.6025554489268122,1.0,1.0,0.5967954780776534,0.5967954780776534,0.5342581310540012,0.5342581310540012,0.6055831185181586,0.6055831185181586,0.4230700664320859,0.4272666207134826,0.6591034201601869,0.6591034201601869,0.5524762194532592,0.5524762194532592,-0.25090087269118594
original_shape_MajorAxisLength,0.5822442013963146,-0.1259743880969878,0.4572136741170065,0.4572136741170065,0.4673428791589616,0.4673428791589616,0.2546482167327348,0.3384102113673807,0.4139004124084952,0.04241693967926628,0.5775595895187797,0.5775595895187797,0.6971195994165684,0.6971195994165684,0.4771219420964405,0.39703191934654536,0.7304598255947092,0.7304598255947092,0.44380912732014605,0.44380912732014605,0.4792289574257475,0.45129526049371005,0.45129526049371005,0.8754555666279621,0.8754555666279621,0.8862174782932883,0.8862174782932883,0.8041023878626442,0.8041023878626442,0.6771390125882616,0.6771390125882616,0.6643703077464163,0.6643703077464163,0.6025554489268122,0.6025554489268122,1.0,1.0,0.5967954780776534,0.5967954780776534,0.5342581310540012,0.5342581310540012,0.6055831185181586,0.6055831185181586,0.4230700664320859,0.4272666207134826,0.6591034201601869,0.6591034201601869,0.5524762194532592,0.5524762194532592,-0.25090087269118594
original_shape_SurfaceArea.5,0.5741950655710967,0.028368056797497012,0.856988907480763,0.856988907480763,0.5315759593341797,0.5315759593341797,0.29889890356959076,0.3307509934409557,0.8061048642641625,0.055093169514203115,0.9073043163882382,0.9073043163882382,0.8045564028980844,0.8045564028980844,0.7753826499546251,0.6218980970103117,0.799522831090357,0.799522831090357,0.6915506838058225,0.6915506838058225,0.702623775245731,0.699699752916176,0.699699752916176,0.6754109981893395,0.6754109981893395,0.7376430475669306,0.7376430475669306,0.7305019563436136,0.7305019563436136,0.7736808109343041,0.7736808109343041,0.8068205092193929,0.8068205092193929,0.7979136757338932,0.7979136757338932,0.5967954780776534,0.5967954780776534,1.0,1.0,0.6614943570047741,0.6614943570047741,0.8301459975709397,0.8301459975709397,0.4868714934563661,0.4856900784780146,0.7984651196325184,0.7984651196325184,0.7929505726947672,0.7929505726947672,-0.25319124073280264
original_shape_SurfaceArea.2,0.5741950655710967,0.028368056797497012,0.856988907480763,0.856988907480763,0.5315759593341797,0.5315759593341797,0.29889890356959076,0.3307509934409557,0.8061048642641625,0.055093169514203115,0.9073043163882382,0.9073043163882382,0.8045564028980844,0.8045564028980844,0.7753826499546251,0.6218980970103117,0.799522831090357,0.799522831090357,0.6915506838058225,0.6915506838058225,0.702623775245731,0.699699752916176,0.699699752916176,0.6754109981893395,0.6754109981893395,0.7376430475669306,0.7376430475669306,0.7305019563436136,0.7305019563436136,0.7736808109343041,0.7736808109343041,0.8068205092193929,0.8068205092193929,0.7979136757338932,0.7979136757338932,0.5967954780776534,0.5967954780776534,1.0,1.0,0.6614943570047741,0.6614943570047741,0.8301459975709397,0.8301459975709397,0.4868714934563661,0.4856900784780146,0.7984651196325184,0.7984651196325184,0.7929505726947672,0.7929505726947672,-0.25319124073280264
